nan
nan
nan
nan
nan
nan
nan
nan
nan
nan
99.8161752045375
103.58209971368494
106.91961211703114
112.180455724688
113.64837616014565
114.30866311065147
120.12203598042076
122.44548323186534
117.20211783575861
119.69175456016134
108.38672323731124
110.46109036544053
107.62819741359732
97.0562625286498
87.9215463667629
87.6385216095499
84.50436826553013
85.61170149297183
88.32314642376828
90.12193046582385
70.62756238267755
72.19005248234022
73.310274110257
68.60111689478441
70.09111143575542
70.04280198891544
75.41529587395722
77.44575884597538
82.0068865868771
75.55983105262469
75.52272701490485
75.56835431583039
79.17573441885376
82.17705508764512
86.78693643175114
84.91574345431701
86.80707657718388
93.46030809252868
96.53131004660924
99.5967208051308
95.72600409664838
91.65827851970285
90.25533233517649
86.77311746324293
88.99998137592983
90.95261495084141
92.36455571750712
97.80451361962122
101.99062205502136
101.50140025410963
